disown 28989
disown 28990
disown 29008
disown 29018
disown 29052
disown 29114
disown 29132
disown 29167
disown 29223
disown 29289
disown 29295
disown 29347
disown 29410
disown 29458
disown 29466
disown 29522
disown 29583
disown 29632
disown 29642
disown 29698
disown 29760
disown 29782
disown 29822
disown 29885
disown 29929
disown 29941
disown 29995
30061
30101
30115
30171
30233
30239
30295
30359
30401
30416
30454
30457
30474
30544
30562
30605
30653
30685
30689
30722
30729
30785
30848
30891
30904
30958
31024
31042
31077
31124
31127
31135
31200
31208
31264
31327
31367
31374
31480
31531
31589
31639
31647
31703
31768
31808
31818
31874
31940
31946
32002
32112
32160
32168
32224
32289
32329
32339
32395
32448
32451
32467
32472
32516
32567
32570
32578
32643
32650
32706
32744
32747
303
357
366
426
500
521
630
683
738
803
850
933
966
1050
1078
1168
1190
1297
1300
1306
1321
1429
1442
1540
1690
1725
1729
1753
1804
1893
1915
1918
1930
1954
1985
2094
2120
2173
2215
2226
2293
2302
2370
2372
2377
2385
2397
2530
2535
2605
2614
2636
2638
2675
2705
2734
2804
2811
15784
15829
15839
15900
15990
16033
16041
16050
16062
16081
16209
16326
16373
16385
16448
16458
16465
16530
16540
16550
16611
16633
16683
16725
16738
16790
16811
16816
16884
16890
16903
16962
17005
17016
17087
17092
17158
17171
17337
17376
17406
17424
17477
17499
17522
17533
17593
17608
17613
17679
17692
17746
17786
17799
17867
17872
17944
17951
17980
18012
18050
18067
18133
18138
18204
18207
18220
18243
18279
18320
18331
18381
18406
18412
18484
18493
18547
18589
18600
18932
18955
19004
19052
19063
19137
19151
19212
19258
19267
19333
19341
19452
19511
19712
19808
19814
19830
19898
19903
19970
19982
20038
20063
20112
20166
20186
20287
20294
20350
20369
20396
20416
20636
20643
20906
20918
20973
21019
21198
21375
21384
21547
21554
21561
21617
21709
21780
21956
21961
22211
22224
22389
22475
22488
22565
22575
22712
22726
22779
22820
22826
22841
22912
22922
22991
23019
23043
23080
23129
23136
23202
23214
23269
23305
23313
23326
23369
23395
23400
23468
23475
23482
23537
23577
23581
23598
23637
23666
23673
23740
23752
23809
23832
23869
23926
23939
24006
24012
24082
24091
24144
24187
24196
24269
24275
24332
24354
24408
24450
24463
24529
24534
24584
24609
24618
24677
24720
24783
24987
24993
25019
25125
25147
25196
25229
25243
25261
25377
25442
25448
25571
25577
25648
25695
25701
25729
25927
25933
26031
26042
26114
26117
26159
26261
26293
26296
26325
26520
26525
26551
26590
26647
26660
26731
26737
26773
26799
26821
26875
26927
26995
27102
27123
27196
27200
27208
27213
27312
27347
27432
27455
27473
27712
27750
27774
27794
27853
27859
27870
27875
27945
27958
28013
28037
28076
28135
28140
28211
28228
28282
28324
28335
28397
28418
28534
28603
28611
28616
28741
28749
28804
28829
28870
29006
29092
31333
32695
1620
2693
3789
4773
5767
6818
7636
8625
9309
9555
10352
11273
12494
13052
13745
15169
15716
16129
16301
16847
17401
18789
19184
19527
19947
20433
20885
21330
21697
22047
22102
22157
22204
22215
22275
22326
22381
22440
22496
22631
22686
22737
22792
22847
22922
22977
23034
23481
23519
23524
23558
23587
23704
23760
23866
23971
23982
24090
24147
24198
24253
24320
24349
24444
24507
24616
24671
24726
24777
24832
24929
25267
25370
25381
25563
25614
25669
25724
25779
25834
25889
25959
26014
26069
26124
26179
26357
26412
26573
26718
26822
27004
27137
27327
27378
27442
27564
27619
27666
27677
27732
27784
27839
28019
28074
28129
28238
28289
28345
28520
28546
28725
28810
28865
28945
28950
29017
29025
29079
29120
29135
29195
29207
29212
29278
29452
30089
30237
30420
30430
30441
30550
30564
30575
30610
30672
30685
30752
30758
30970
30975
31046
31054
31110
31133
31168
31234
31241
31292
31313
31320
31376
31403
31425
31448
31505
31514
31586
31593
31649
31664
31675
31710
31774
31987
32005
32059
32084
32111
32341
32474
32613
32621
32691
32754
353
419
470
486
549
662
795
924
989
1054
1132
1248
1322
1447
1604
1654
1807
1846
1949
2013
2142
2244
2285
2296
2368
2427
2483
2494
2584
2637
2707
2822
2856
2924
3026
3156
3197
3222
3293
3356
3482
3560
3623
3716
3779
3844
3907
3970
4041
4093
4111
4176
4417
4490
5313
5685
5704
5707
5779
5842
5907
5982
6070
6222
6242
6281
6370
6430
7281
7636
7852
7894
7920
7937
8019
8099
8185
8253
8322
8397
8402
8497
8502
8527
8545
8552
8699
8704
8860
10715
10863
10899
10908
10912
10939
11021
11292
11612
11787
11990
12011
13054
13081
13245
13343
13373
13395
14026
14251
14253
14259
14267
14704
14786
14793
14933
14989
15000
15109
15354
15413
15471
15533
15647
15809
15932
16101
16161
16236
16294
16371
16524
16531
16586
16593
16653
16715
16775
16877
17020
17129
17138
17214
17280
17346
17521
17603
17695
17771
17820
17897
17992
18819
18821
18828
18833
19013
19106
19215
19257
19261
19270
19297
19352
19373
19600
19666
19769
19869
19934
20043
20149
20279
20302
20422
20517
20547
20677
20798
20938
21017
21087
21137
21315
21397
21463
21483
21566
21649
21763
21946
22032
22114
22226
22258
22266
22270
22324
22403
22602
22668
22673
22682
22724
22872
22978
23040
23098
23156
23195
23919
23921
23928
23933
24225
24370
24448
24518
24584
24811
25004
25109
25257
25333
25408
25491
25515
25626
25638
25728
25824
25911
26001
26090
26172
26274
26282
26369
26546
26671
26746
26822
27734
27736
27743
27748
27880
27968
28337
28556
29163
29669
29707
29733
29804
29824
29906
29986
30076
30160
30244
30327
30514
30618
30712
30817
30916
30925
31768
31770
31777
31781
31887
32009
32230
32356
32438
32522
32683
396
553
600
854
1177
1281
1370
1396
1412
1929
2243
2244
2250
2256
2483
2525
2711
2754
2922
3001
3172
3271
3375
3390
3518
3599
3640
3664
3751
3909
3920
3925
3990
4391
4683
4686
4688
4695
4701
4965
5050
5301
5309
5459
5627
5660
5790
5794
5821
5855
5887
6057
6264
6397
6402
6615
6635
6799
6822
6906
7078
7234
7390
7503
7655
7728
7733
7763
7825
7851
8161
8191
8337
8341
8462
8537
8558
8855
8926
9136
9160
9164
9178
9220
9312
9332
9337
9488
9498
9507
9563
9594
9626
9669
9747
9827
9911
9940
10223
10335
10386
10391
10396
10558
10587
10783
10961
10998
11150
11182
11316
11455
11706
11739
11888
12002
12103
12204
12302
12405
12532
12627
12757
12771
12874
13013
13032
13467
13614
14081
14083
14090
14094
14149
14154
14362
14391
14410
14415
14656
14684
14848
15007
15029
15045
15049
15082
15134
15246
15483
15503
15540
15547
15676
15781
15985
16013
16128
16219
16259
16280
16424
16432
16562
16630
16778
16851
16856
16878
16909
17204
17519
17550
17689
17821
17829
18718
18719
18723
18732
18740
19121
19127
19247
19372
19377
19404
19485
19680
19787
19884
19963
19979
20069
20079
20083
20224
20305
20392
20397
20431
20446
20478
20548
20771
20844
20868
20904
20940
20945
20996
21001
21023
21256
21260
21270
21644
21742
21864
21868
21970
22070
22164
22256
22286
22372
22991
23530
23532
23539
23557
23845
23974
23994
24117
24159
24183
24184
24227
24232
24311
24312
24452
24792
24896
25012
25019
25124
25224
25328
25349
25426
25462
25597
25634
25638
25646
25698
25699
25796
25876
25901
26053
26091
26140
26145
26189
26190
26259
26387
26394
26399
26548
26601
26623
27451
27453
27462
27469
27741
27774
27778
27918
27922
28053
28151
28157
28249
28261
28270
28382
28475
28628
28688
28878
28891
28997
29158
29271
29535
29652
29660
29771
29793
29997
30229
30312
30352
30428
30439
30885
31347
31349
31356
31360
31385
31562
31575
31663
31818
31962
32082
32114
32190
32289
32303
32385
32403
32504
32613
497
648
721
761
888
902
1125
1308
1493
1584
1720
1760
2072
2395
2828
2829
2835
2841
2903
2913
3067
3157
3223
3239
3325
3329
3472
3473
3507
3538
3543
3571
3632
3633
3790
4057
4058
4093
4133
4216
4270
4275
4299
4322
4324
4423
4675
4731
4748
4753
4771
4776
4829
4834
4929
5082
5159
5180
5271
5361
5455
5617
5631
5726
5741
5807
5845
6688
6690
6694
6701
6888
7121
7209
7224
7228
7337
7423
7460
7523
7601
7611
7701
7780
7801
7885
7956
8042
8056
8156
8300
8330
8389
8391
8414
8440
8445
8518
8523
8545
8572
8573
8805
8813
8869
9244
9254
9334
9436
9480
9485
9495
9601
10076
10090
10277
10286
10569
10577
10583
10588
10610
10795
10803
11035
11272
11285
11368
11394
11399
11482
11486
11508
11512
11618
11634
11638
12582
12592
12711
12825
12978
13120
14023
14025
14052
14079
14155
14205
14322
14471
14498
14563
14593
14614
14692
14786
14870
14885
15315
15737
15748
15755
15762
16033
16075
16247
16342
16423
16451
16521
16558
16631
16646
16727
16829
16922
16998
17119
17213
17308
17403
17522
17617
17719
17817
17850
17926
17953
17972
18797
18809
18814
19114
19370
19501
19573
19665
19738
19809
19888
19949
20077
20145
20404
20465
20588
20745
20865
20935
20993
21072
21081
21351
21420
21540
21834
21845
21955
22048
22117
22208
22245
22342
22446
22520
22584
22615
22637
22699
22712
22792
22888
23047
23174
23332
23579
23766
23957
24136
24334
24475
24766
24785
24809
24933
24972
25018
25150
25318
25474
25527
25581
25753
25777
25925
25956
26119
26201
26273
26281
26322
26342
26401
26471
26536
26544
26699
26834
26894
26909
26938
26945
27029
27037
27183
27357
27424
27430
27544
27593
27631
27714
27722
28014
28058
28223
28232
28258
28384
28437
28444
28731
28993
29008
29097
29139
29151
29165
29179
29723
30169
30177
30188
30252
30425
30512
30783
30928
30933
31034
31129
31196
31363
31422
31445
31518
31604
31677
31765
31776
31881
31976
32068
32153
32256
32336
32409
32494
32580
32665
32729
32749
365
432
448
525
615
628
728
801
874
1600
1759
1769
1782
1965
2095
2179
2195
2314
2416
2555
2721
2817
2910
2979
3044
3094
3135
3219
3288
3348
3356
3439
3487
3563
3604
3617
3704
3708
3733
3813
3882
3926
3965
3973
4177
4373
4584
4719
4811
4891
4976
5077
5145
5218
5223
5257
5261
5325
5441
5549
5557
5728
5881
5906
5988
6071
6164
6237
6307
6410
6617
6624
6725
6753
7148
7483
7492
7502
7506
7692
7918
8041
8114
8214
8278
8297
8364
8379
8445
8523
8609
8614
8702
8755
8814
8851
8891
8965
9050
9070
9079
9172
9232
9256
9391
9506
9569
9624
9673
9710
9729
9765
9795
9847
9861
9922
9982
10033
10079
10097
10150
10246
10303
10362
10411
10468
10504
10520
10565
10617
10684
10734
10778
10827
10876
10930
10951
10996
11064
11154
11217
11731
12051
12274
12696
13083
13133
13303
13388
13427
13442
13503
13553
13609
13684
13742
13799
13861
13924
13974
14023
14077
14127
14181
14223
14235
14285
14335
14377
14392
14438
14488
14544
14594
14648
14702
14752
14804
14850
14904
14954
15004
15054
15108
15158
15212
15259
15310
15352
15367
15417
15465
15542
15630
15687
15733
15792
15843
15894
15956
16009
16072
16133
16187
16229
16244
16294
16349
16400
16454
16513
16575
16629
16679
16729
16795
16849
16904
16954
17022
17060
17084
17130
17172
17190
17251
17308
17358
17409
17463
17536
17598
17646
17696
17760
17823
17873
17927
17979
18029
18083
18133
18171
18186
18240
18286
18336
18390
18440
18490
18544
18594
18644
18694
18744
18794
18849
18895
18950
19006
19056
19102
19160
19210
19260
19310
19360
19414
19468
19518
19571
19627
19678
19724
19778
19828
19887
19947
19985
19996
20046
20096
20200
20283
20294
20332
20340
20382
20432
20470
20512
20554
20596
20634
20676
20718
20752
20767
20805
20847
20881
20892
20934
20973
21015
21057
21100
21142
21184
21228
21270
21308
21350
21392
21435
21469
21476
21522
21564
21606
21644
21682
21689
21731
21773
21807
21867
21909
21955
21997
22037
22077
22119
22164
22261
22307
22358
22404
22446
22488
22526
22568
22602
22613
22655
22693
22743
22785
22827
22865
22907
22949
22991
23029
23071
23125
23168
23206
23248
23290
23333
23387
23410
23449
23462
23471
23521
23571
23613
23651
23695
23737
23779
23817
23859
23901
23947
23985
24027
24061
24072
24114
24152
24186
24197
24240
24286
24324
24366
24408
24450
24488
24530
24572
24614
24656
24698
24740
24782
24816
24823
24866
24908
24950
24988
25038
25080
25122
25160
25202
25244
25286
25325
25367
25413
25455
25493
25535
25577
25619
25657
25699
25741
25787
25821
25828
25870
25912
25946
25957
25995
26037
26079
26122
26178
26220
26262
26304
26342
26384
26418
26429
26472
26510
26556
26598
26640
26678
26720
26754
26765
26807
26845
26887
26925
26936
26978
27016
27058
27100
27142
27180
27222
27272
27314
27352
27394
27438
27472
27483
27531
27573
27615
27649
27664
27702
27744
27787
27829
27867
27909
27952
27995
28037
28079
28121
28163
28201
28243
28285
28328
28366
28412
28454
28497
28535
28577
28620
28663
28701
28743
28790
28832
28870
28912
28946
28957
28999
29037
29079
29121
29167
29205
29247
29289
29324
29335
29373
29415
29457
29499
29541
29552
29591
29625
29636
29678
29720
29759
29801
29843
29890
29928
29970
30012
30054
30092
30130
30137
30179
30221
30263
30301
30308
30350
30392
30426
30433
30475
30517
30551
30562
30600
30638
30649
30691
30733
30771
30813
30855
30897
30935
30977
31023
31057
31068
31106
31144
31160
31205
31254
31297
31348
31390
31436
31478
31512
31519
31561
31603
31645
31683
31725
31776
31818
31856
31894
31901
31943
31985
32019
32026
32075
32109
32120
32166
32204
32246
32280
32291
32325
32336
32375
32417
32459
32501
32543
32628
32698
338
388
405
448
486
528
570
606
622
660
699
740
781
815
854
894
926
939
975
1014
1023
1062
1101
1138
1176
1243
1287
1303
1344
1390
1431
1482
1516
1555
1612
1650
1739
1834
1892
1930
1964
2003
2061
2074
2112
2143
2160
2164
2177
2219
2261
2304
2312
2351
2410
2489
2556
2579
2670
2715
2806
2844
2883
2922
2962
3000
3047
3095
3131
3169
3207
3258
3374
3389
3417
3469
3517
3614
3651
3689
3824
3833
3872
3912
4073
4112
4154
4192
4230
4264
4302
4340
4371
4383
4417
4455
4497
4556
4568
4599
4607
4656
4665
4711
4813
4830
4868
4915
4923
4982
5068
5201
5254
5266
5300
5341
5369
5378
5513
5522
5561
5595
5620
5633
5774
5783
5822
5864
5895
5962
6078
6086
6124
6173
6182
6225
6328
6338
6378
6417
6444
6453
6573
6611
6661
6813
6851
6885
6923
6961
6999
7033
7090
7128
7166
7203
7241
7279
7317
7351
7389
7431
7469
7503
7541
7579
7617
7659
7719
7756
7892
7972
8175
8355
8415
8487
8547
8613
8688
8762
8836
8914
8928
8965
9040
9064
9133
9230
9245
9278
9326
9334
9339
9459
9545
9665
9729
9734
9768
9798
9835
9869
9911
9943
10000
10090
10131
10176
10232
10267
10296
10304
10338
10372
10399
10411
10441
10479
10513
10543
10578
10605
10617
10652
10682
10716
10750
10784
10818
10852
10886
10916
10950
10984
11014
11048
11082
11126
11156
11184
11196
11230
11261
11295
11329
11363
11394
11436
11470
11500
11534
11568
11602
11632
11659
11674
11708
11743
11777
11811
11845
11875
11909
11943
11973
12007
12041
12079
12110
12144
12178
12212
12242
12276
12310
12340
12378
12412
12446
12476
12510
12537
12549
12579
12613
12647
12685
12718
12752
12787
12819
12853
12887
12923
12953
12987
13025
13056
13093
13127
13161
13191
13218
13230
13257
13269
13299
13341
13375
13410
13440
13474
13508
13538
13574
13608
13635
13651
13679
13687
13721
13756
13792
13823
13857
13895
13925
13963
14000
14034
14064
14098
14132
14159
14167
14201
14235
14269
14303
14337
14371
14401
14435
14469
14503
14530
14539
14566
14578
14616
14646
14677
14685
14719
14753
14783
14817
14851
14881
14912
14924
14958
14992
15022
15056
15090
15120
15154
15188
15230
15261
15295
15329
15363
15393
15427
15461
15491
15525
15569
15598
15613
15641
15649
15683
15717
15747
15781
15815
15850
15884
15919
15953
15983
16019
16053
16087
16118
16152
16190
16220
16254
16288
16322
16352
16386
16420
16450
16484
16525
16560
16590
16624
16658
16688
16722
16756
16790
16824
16855
16863
16897
16931
16961
16996
17030
17057
17065
17099
17126
17146
17180
17210
17244
17278
17308
17342
17377
17411
17441
17479
17513
17543
17577
17611
17646
17676
17711
17745
17772
17784
17815
17823
17857
17891
17921
17955
17989
18019
18053
18080
18110
18144
18174
18208
18242
18272
18306
18340
18374
18408
18439
18447
18481
18515
18545
18579
18613
18643
18677
18711
18749
18776
18784
18818
18853
18883
18917
18951
18987
19017
19059
19093
19125
19161
19197
19231
19261
19295
19330
19364
19398
19432
19459
19471
19501
19535
19570
19600
19634
19668
19706
19736
19770
19804
19834
19868
19902
19936
19966
20004
20038
20068
20102
20136
20171
20201
20232
20240
20274
20312
20342
20376
20410
20440
20471
20479
20506
20518
20552
20582
20620
20654
20681
20689
20723
20757
20791
20821
20855
20890
20920
20962
20996
21023
21035
21066
21100
21134
21164
21198
21232
21270
21300
21334
21368
21398
21432
21466
21500
21530
21568
21602
21632
21666
21700
21734
21764
21798
21832
21866
21900
21934
21968
21998
22032
22066
22100
22130
22164
22202
22232
22266
22302
22336
22366
22400
22434
22465
22503
22537
22571
22601
22635
22669
22699
22733
22767
22809
22839
22873
22907
22937
22971
23005
23039
23069
23103
23141
23171
23205
23239
23273
23300
23309
23343
23377
23411
23445
23479
23513
23543
23577
23611
23645
23672
23680
23714
23752
23782
23816
23850
23884
23911
23919
23953
23987
24018
24052
24090
24124
24154
24188
24215
24227
24257
24291
24325
24352
24364
24398
24432
24466
24496
24530
24564
24598
24628
24662
24689
24709
24739
24770
24778
24812
24846
24876
24910
24944
24978
25012
25046
25080
25110
25144
25178
25205
25217
25247
25281
25316
25350
25384
25418
25454
25484
25518
25552
25582
25617
25655
25689
25719
25753
25780
25792
25822
25856
25890
25924
25958
25992
26026
26056
26090
26124
26158
26188
26222
26256
26290
26324
26358
26392
26422
26458
26492
26526
26556
26598
26632
26662
26696
26723
26735
26769
26799
26833
26860
26872
26906
26940
26974
27008
27038
27072
27106
27133
27141
27172
27180
27219
27253
27283
27317
27351
27381
27415
27449
27483
27518
27570
27604
27634
27668
27702
27736
27766
27800
27834
27868
27902
27936
27970
28000
28034
28068
28098
28132
28170
28204
28231
28239
28273
28308
28342
28372
28406
28440
28471
28513
28540
28552
28586
28618
28652
28686
28716
28750
28786
28813
28829
28859
28886
28898
28932
28962
28996
29030
29064
29094
29132
29166
29196
29230
29264
29298
29329
29363
29397
29431
29465
29499
29533
29563
29597
29632
29664
29693
29701
29735
29762
29778
29808
29842
29876
29910
29940
29974
30008
30038
30081
30115
30149
30179
30206
30219
30253
30280
30288
30322
30356
30400
30430
30464
30498
30528
30562
30596
30630
30660
30687
30699
30737
30767
30801
30835
30869
30899
30933
30967
30994
31002
31040
31074
31108
31135
31143
31174
31182
31216
31250
31280
31314
31354
31384
31418
31452
31486
31516
31550
31584
31614
31652
31686
31720
31747
31757
31793
31827
31857
31891
31927
31962
31996
32030
32064
32094
32128
32162
32189
32201
32231
32265
32307
32337
32371
32405
32439
32469
32503
32537
32564
32572
32610
32644
32678
32708
32742
313
341
355
385
422
456
490
524
558
592
622
656
691
724
758
799
834
864
900
934
966
1000
1035
1070
1109
1143
1177
1207
1241
1278
1320
1351
1380
1393
1434
1467
1507
1542
1576
1607
1641
1675
1707
1741
1777
1789
1827
1868
1903
1930
1942
1972
2007
2034
2046
2080
2114
2148
2175
2187
2221
2251
2285
2319
2349
2383
2421
2455
2485
2519
2555
2585
2619
2653
2687
2717
2756
2793
2824
2856
2864
2899
2933
2963
2997
3031
3065
3100
3127
3139
3173
3203
3237
3271
3301
3335
3373
3400
3412
3442
3484
3519
3554
3588
3622
3657
3695
3730
3738
3772
3808
3838
3872
3906
3936
3970
4004
4047
4077
4108
4120
4154
4184
4218
4252
4286
4316
4355
4382
4394
4424
4458
4492
4526
4556
4590
4624
4672
4706
4740
4774
4801
4809
4843
4877
4904
4912
4946
4973
4985
5024
5054
5088
5122
5152
5186
5213
5225
5259
5289
5327
5361
5393
5425
5459
5493
5523
5557
5591
5633
5663
5697
5738
5770
5801
5809
5843
5877
5907
5943
5983
6013
6047
6081
6115
6145
6179
6213
6243
6283
6317
6351
6381
6416
6451
6543
6577
6611
6650
6684
6720
6754
6784
6819
6853
6887
6917
6955
6989
7019
7053
7087
7121
7151
7185
7222
7256
7290
7324
7358
7388
7422
7456
7483
7495
7522
7530
7564
7607
7637
7674
7708
7747
7777
7812
7846
7876
7914
7948
7982
8012
8046
8080
8110
8144
8172
8184
8214
8227
8261
8288
8300
8327
8339
8369
8403
8437
8471
8501
8535
8562
8583
8614
8649
8661
8699
8712
8759
8790
8827
8869
8903
8939
8983
9019
9056
9097
9132
9167
9198
9232
9271
9302
9336
9372
9410
9462
9500
9536
9566
9601
9643
9677
9705
9713
9750
9784
9814
9848
9882
9924
9958
9970
10005
10041
10072
10109
10147
10202
10245
10281
10319
10349
10383
10417
10451
10481
10515
10550
10577
10585
10619
10657
10684
10696
10726
10760
10794
10828
10858
10892
10926
10960
10995
11029
11063
11091
11099
11133
11167
11198
11232
11270
11304
11334
11368
11402
11432
11466
11500
11534
11572
11606
11640
11673
11707
11734
11746
11780
11810
11844
11878
11912
11946
11980
12014
12041
12049
12084
12111
12123
12153
12187
12225
12259
12289
12323
12359
12393
12430
12464
12498
12532
12567
12601
12635
12665
12701
12736
12766
12800
12834
12872
12899
12907
12941
12975
13005
13039
13076
13111
13141
13179
13213
13243
13277
13316
13351
13382
13416
13450
13488
13522
13557
13592
13622
13649
13661
13696
13726
13762
13801
13835
13866
13903
13937
13964
13972
14009
14043
14077
14104
14112
14150
14185
14219
14249
14283
14317
14347
14381
14415
14467
14497
14531
14565
14595
14629
14663
14697
14727
14765
14799
14829
14860
14868
14902
14936
14966
15000
15034
15068
15099
15107
15141
15175
15205
15239
15274
15304
15338
15372
15399
15419
15449
15483
15517
15552
15590
15629
15663
15693
15731
15766
15793
15801
15836
15870
15898
15910
15940
15974
16008
16035
16051
16081
16115
16142
16154
16184
16218
16245
16257
16291
16321
16355
16382
16398
16428
16462
16496
16526
16539
16570
16604
16638
16668
16706
16740
16774
16804
16838
16872
16899
16907
16941
16975
17018
17045
17053
17087
17121
17152
17186
17220
17254
17284
17327
17362
17395
17427
17461
17495
17525
17559
17593
17628
17662
17696
17730
17760
17794
17828
17855
17867
17894
17902
17936
17974
18004
18038
18072
18106
18136
18170
18204
18234
18272
18306
18333
18345
18375
18409
18443
18473
18507
18541
18575
18609
18643
18678
18710
18744
18778
18812
18844
18878
18916
18948
18983
19017
19051
19081
19117
19153
19187
19225
19259
19293
19323
19357
19391
19425
19455
19489
19523
19557
19589
19597
19631
19665
19695
19730
19764
19794
19828
19866
19900
19930
19957
19969
20003
20033
20067
20101
20135
20169
20203
20237
20267
20301
20328
20340
20374
20404
20438
20476
20506
20541
20575
20609
20639
20673
20707
20734
20746
20776
20814
20848
20878
20912
20939
20951
20985
21015
21049
21084
21122
21153
21161
21195
21229
21259
21293
21327
21357
21391
21429
21456
21468
21498
21532
21566
21596
21630
21664
21698
21728
21759
21771
21805
21835
21871
21905
21939
21969
22003
22037
22071
22105
22140
22174
22204
22238
22265
22277
22311
22341
22379
22413
22443
22477
22511
22545
22575
22609
22643
22677
22711
22745
22779
22809
22843
22878
22908
22942
22976
23018
23048
23082
23116
23146
23180
23214
23248
23278
23316
23350
23380
23414
23448
23482
23512
23546
23580
23614
23648
23683
23717
23747
23781
23815
23845
23879
23913
23965
23992
24000
24034
24068
24102
24132
24166
24200
24230
24268
24302
24336
24366
24400
24434
24464
24498
24532
24570
24600
24634
24668
24698
24732
24766
24800
24830
24872
24906
24936
24970
25006
25040
25081
25115
25149
25179
25210
25222
25256
25283
25297
25327
25361
25395
25425
25459
25493
25531
25561
25595
25629
25663
25693
25727
25761
25791
25829
25863
25897
25927
25961
25995
26026
26060
26094
26128
26162
26196
26230
26260
26294
26328
26362
26392
26426
26465
26495
26529
26563
26597
26627
26661
26695
26725
26767
26801
26828
26840
26871
26898
26910
26944
26974
27005
27013
27040
27052
27086
27120
27154
27188
27222
27252
27286
27320
27350
27384
27422
27456
27486
27520
27547
27559
27589
27623
27657
27691
27725
27759
27793
27823
27857
27891
27925
27952
27960
27994
28032
28062
28096
28130
28166
28196
28230
28264
28294
28329
28367
28401
28432
28467
28501
28531
28565
28599
28633
28671
28705
28739
28774
28804
28838
28872
28902
28936
28974
29008
29038
29072
29106
29137
29171
29205
29239
29269
29300
29313
29347
29377
29411
29445
29479
29509
29543
29577
29611
29645
29672
29684
29711
29723
29753
29780
29792
29826
29853
29861
29895
29933
29967
29997
30032
30066
30096
30130
30164
30198
30232
30266
30300
30334
30364
30398
30432
30462
30496
30530
30565
30577
30607
30641
30675
30705
30739
30766
30778
30812
30842
30880
30914
30944
30978
31005
31017
31051
31081
31108
31120
31154
31188
31222
31256
31290
31322
31356
31390
31420
31454
31492
31526
31556
31591
31625
31655
31689
31723
31757
31787
31825
31859
31893
31923
31957
31991
32021
32055
32089
32127
32157
32191
32225
32255
32290
32324
32358
32388
32430
32464
32494
32528
32562
32596
32623
32631
32658
32670
32704
32734
304
343
379
412
446
480
510
544
578
616
646
680
719
749
786
821
855
884
892
944
980
1012
1046
1081
1118
1148
1182
1216
1250
1291
1330
1364
1398
1434
1474
1511
1542
1576
1615
1645
1679
1715
1742
1754
1785
1823
1868
1899
1930
1946
1980
2015
2045
2081
2115
2145
2179
2213
2251
2281
2315
2349
2380
2414
2448
2482
2512
2546
2584
2614
2648
2682
2716
2746
2783
2818
2852
2887
2922
2956
2986
3020
3055
3083
3095
3125
3159
3197
3227
3261
3295
3329
3359
3393
3427
3465
3509
3540
3552
3586
3616
3651
3686
3720
3754
3790
3825
3863
3897
3931
3962
3996
4033
4069
4099
4137
4175
4205
4239
4273
4307
4337
4371
4405
4439
4473
4507
4541
4571
4605
4639
4673
4703
4737
4771
4805
4839
4873
4907
4937
4971
5006
5036
5067
5075
5113
5147
5177
5213
5249
5279
5313
5348
5382
5416
5450
5484
5514
5549
5583
5617
5647
5681
5728
5760
5794
5828
5862
5892
5923
5933
5968
6002
6032
6070
6104
6134
6168
6195
6207
6242
6272
6301
6313
6347
6381
6416
6451
6547
6577
6611
6646
6679
6716
6743
6759
6786
6798
6828
6862
6896
6926
6960
6994
7028
7058
7096
7123
7135
7162
7170
7204
7213
7247
7281
7311
7345
7379
7413
7447
7481
7515
7545
7579
7614
7641
7653
7686
7732
7767
7798
7832
7866
7900
7930
7964
7998
8028
8066
8100
8134
8164
8199
8237
8267
8301
8335
8373
8403
8437
8464
8476
8508
8542
8581
8616
8650
8703
8740
8756
8786
8823
8866
8902
8933
8974
9013
9042
9062
9098
9133
9168
9199
9233
9268
9300
9332
9366
9410
9462
9500
9536
9570
9602
9629
9641
9675
9706
9751
9785
9819
9849
9883
9925
9962
9997
10032
10072
10102
10142
10195
10240
10273
10281
10315
10349
10379
10413
10451
10481
10512
10520
10555
10590
10620
10654
10688
10715
10723
10775
10809
10843
10873
10907
10941
10971
11005
11039
11077
11105
11113
11147
11182
11216
11246
11280
11314
11344
11382
11409
11421
11455
11485
11519
11546
11558
11588
11622
11656
11693
11783
11829
11863
11893
11929
11963
11997
12027
12061
12100
12127
12135
12169
12203
12238
12268
12302
12336
12366
12404
12438
12472
12502
12536
12570
12600
12634
12661
12673
12709
12744
12778
12805
12817
12851
12881
12916
12950
12977
12985
13019
13059
13095
13125
13159
13193
13223
13257
13291
13325
13359
13394
13428
13458
13492
13526
13561
13589
13597
13631
13674
13704
13739
13774
13802
13814
13845
13873
13887
13922
13952
13989
14027
14061
14091
14125
14159
14189
14223
14257
14291
14325
14359
14393
14423
14457
14491
14525
14555
14589
14627
14661
14691
14725
14759
14789
14823
14857
14891
14921
14959
14993
15023
15059
15093
15127
15157
15191
15225
15260
15294
15328
15362
15393
15427
15461
15491
15525
15573
15612
15643
15677
15704
15716
15746
15777
15785
15812
15825
15859
15894
15928
15962
15992
16026
16060
16095
16125
16159
16193
16224
16232
16266
16300
16334
16364
16398
16432
16466
16496
16526
16543
16577
16604
16612
16646
16680
16714
16744
16778
16812
16846
16880
16914
16948
16978
17013
17047
17077
17111
17145
17183
17213
17240
17252
17279
17291
17321
17356
17390
17424
17454
17496
17523
17535
17565
17599
17634
17668
17698
17732
17766
17800
17834
17868
17895
17907
17937
17971
18005
18039
18069
18107
18141
18168
18176
18210
18246
18280
18310
18344
18378
18408
18446
18480
18514
18544
18578
18613
18643
18677
18711
18749
18779
18813
18848
18878
18912
18946
18982
19012
19050
19084
19120
19152
19186
19226
19256
19290
19324
19358
19396
19430
19464
19494
19528
19562
19597
19627
19661
19699
19729
19763
19797
19824
19836
19866
19900
19934
19964
20002
20036
20070
20100
20134
20169
20196
20204
20238
20272
20321
20354
20388
20422
20452
20486
20520
20554
20584
20618
20656
20688
20720
20754
20788
20818
20852
20886
20920
20947
20959
20993
21027
21057
21092
21126
21160
21190
21224
21266
21296
21330
21364
21400
21430
21464
21498
21528
21562
21600
21634
21664
21698
21732
21763
21797
21824
21836
21870
21904
21938
21965
21977
22004
22012
22046
22080
22107
22119
22149
22183
22221
22251
22285
22319
22353
22380
22389
22423
22457
22491
22518
22530
22564
22598
22628
22662
22696
22730
22760
22794
22828
22867
22901
22935
22969
23000
23034
23068
23098
23133
23175
23209
23236
23244
23278
23312
23343
23377
23411
23445
23479
23513
23547
23574
23582
23616
23650
23684
23711
23719
23753
23787
23821
23855
23889
23923
23953
23987
24021
24055
24082
24090
24128
24155
24167
24197
24231
24265
24299
24329
24363
24397
24424
24436
24470
24497
24509
24544
24576
24610
24644
24676
24710
24748
24782
24812
24846
24880
24910
24945
24979
25013
25043
25090
25124
25154
25188
25222
25256
25286
25321
25355
25389
25423
25457
25491
25521
25556
25590
25624
25654
25692
25726
25756
25790
25824
25858
25888
25922
25949
25961
25991
26029
26063
26097
26127
26161
26195
26225
26259
26293
26331
26361
26395
26429
26460
26494
26529
26563
26593
26631
26665
26695
26729
26763
26797
26824
26832
26866
26893
26905
26943
26977
27011
27045
27075
27109
27143
27170
27182
27212
27246
27284
27311
27319
27353
27387
27421
27451
27485
27519
27546
27554
27592
27626
27660
27687
27695
27731
27765
27795
27829
27863
27901
27931
27965
27999
28029
28063
28098
28132
28162
28196
28234
28264
28298
28333
28367
28397
28431
28465
28496
28534
28568
28602
28632
28666
28701
28731
28766
28800
28842
28872
28906
28940
28974
29004
29038
29072
29102
29140
29174
29208
29238
29272
29299
29312
29339
29347
29381
29415
29449
29483
29517
29544
29556
29586
29620
29654
29689
29719
29746
29758
29810
29840
29874
29908
29942
29972
29999
30011
30045
30075
30113
30147
30181
30211
30245
30272
30284
30314
30348
30382
30416
30450
30481
30489
30523
30555
30587
30621
30655
30685
30719
30761
30788
30800
30827
30835
30869
30905
30935
30969
31003
31037
31071
31105
31139
31169
31200
31208
31242
31277
31304
31312
31346
31384
31414
31448
31482
31516
31543
31551
31578
31590
31624
31654
31688
31726
31760
31790
31824
31851
31863
31894
31928
31962
31989
32001
32035
32066
32074
32108
32142
32172
32206
32240
32270
32304
32342
32376
32403
32411
32445
32479
32509
32543
32577
32611
32641
32683
32717
32744
32752
322
359
393
423
432
466
500
534
565
573
607
641
671
699
713
748
781
815
854
890
920
956
983
995
1026
1061
1096
1133
1167
1201
1228
1240
1273
1315
1350
1387
1420
1457
1490
1502
1541
1571
1606
1633
1645
1677
1713
1740
1752
1787
1821
1871
1905
1935
1969
2004
2038
2068
2103
2137
2175
2209
2243
2277
2307
2341
2375
2405
2439
2473
2511
2541
2575
2609
2639
2670
2679
2713
2740
2752
2785
2813
2829
2864
2894
2929
2963
2990
3002
3032
3066
3094
3106
3144
3174
3208
3242
3272
3306
3340
3374
3404
3438
3484
3515
3553
3587
3621
3652
3687
3725
3755
3795
3829
3863
3893
3927
3954
3966
3996
4033
4069
4115
4145
4179
4213
4243
4277
4311
4345
4375
4413
4440
4452
4482
4513
4521
4555
4589
4616
4624
4658
4692
4722
4757
4765
4799
4833
4863
4896
4904
4938
4972
5002
5037
5075
5105
5139
5173
5207
5237
5271
5306
5336
5374
5408
5442
5472
5506
5540
5570
5601
5609
5643
5677
5713
5752
5786
5816
5850
5885
5919
5952
5986
6028
6058
6092
6126
6160
6190
6224
6258
6287
6295
6333
6367
6401
6429
6437
6534
6568
6595
6607
6638
6674
6705
6721
6751
6785
6812
6824
6858
6888
6922
6957
6987
7021
7073
7107
7137
7171
7208
7238
7272
7306
7340
7374
7408
7442
7472
7506
7540
7574
7604
7638
7679
7709
7748
7782
7810
7822
7852
7886
7920
7950
7984
8026
8060
8090
8124
8160
8195
8229
8263
8297
8331
8365
8399
8433
8463
8497
8531
8562
8598
8607
8649
8698
8738
8776
8812
8851
8887
8921
8963
9002
9038
9082
9113
9147
9182
9218
9248
9283
9317
9351
9387
9438
9476
9488
9520
9556
9591
9621
9655
9699
9729
9741
9768
9776
9810
9846
9876
9915
9923
9957
9969
9997
10009
10052
10086
10125
10167
10218
10247
10259
10295
10325
10360
10394
10432
10462
10496
10530
10558
10566
10600
10634
10668
10698
10736
10763
10775
10805
10839
10873
10907
10937
10971
11005
11039
11073
11108
11142
11170
11178
11212
11246
11276
11310
11348
11382
11409
11417
11452
11488
11518
11552
11586
11621
11651
11692
11726
11760
11792
11800
11834
11861
11873
11903
11938
11972
12014
12044
12078
12113
12143
12177
12211
12245
12275
12313
12347
12377
12411
12445
12479
12510
12544
12578
12608
12646
12680
12717
12747
12781
12815
12845
12879
12913
12940
12956
12986
13020
13055
13087
13122
13156
13190
13217
13225
13263
13297
13331
13361
13396
13430
13460
13494
13529
13564
13599
13633
13668
13698
13732
13768
13796
13808
13838
13873
13918
13948
13982
14019
14053
14083
14117
14151
14181
14219
14253
14287
14317
14351
14385
14415
14449
14483
14521
14548
14556
14590
14624
14651
14661
14695
14729
14763
14793
14827
14865
14899
14929
14963
14997
15027
15061
15088
15101
15135
15169
15203
15237
15268
15302
15336
15370
15400
15434
15472
15502
15536
15569
15581
15620
15652
15686
15720
15750
15786
15827
15861
15891
15926
15960
15990
16024
16058
16092
16126
16160
16194
16224
16258
16285
16297
16331
16361
16395
16433
16460
16472
16502
16540
16574
16604
16638
16672
16707
16755
16789
16816
16828
16858
16892
16926
16960
16990
17024
17058
17092
17123
17131
17165
17199
17226
17234
17268
17302
17332
17367
17405
17432
17444
17474
17508
17542
17572
17606
17641
17668
17680
17718
17752
17786
17816
17852
17886
17932
17962
17996
18034
18068
18098
18132
18166
18196
18230
18264
18298
18326
18334
18372
18406
18436
18470
18504
18538
18568
18602
18636
18670
18704
18738
18772
18802
18838
18872
18902
18936
18976
19010
19037
19045
19079
19106
19120
19149
19157
19191
19225
19252
19264
19294
19325
19337
19371
19401
19435
19469
19503
19533
19567
19602
19629
19649
19679
19713
19747
19777
19808
19816
19843
19855
19889
19920
19958
19985
19997
20027
20061
20095
20122
20134
20164
20198
20232
20266
20300
20334
20368
20398
20432
20466
20496
20530
20564
20602
20632
20666
20700
20730
20764
20798
20832
20862
20889
20905
20932
20944
20974
21008
21035
21049
21084
21114
21148
21182
21220
21250
21284
21311
21323
21353
21387
21421
21455
21485
21512
21525
21560
21572
21602
21636
21670
21704
21734
21761
21773
21807
21837
21875
21909
21936
21948
21978
22012
22047
22077
22111
22145
22183
22213
22247
22281
22308
22316
22350
22384
22418
22448
22486
22520
22550
22581
22589
22623
22657
22687
22721
22755
22789
22823
22857
22884
22896
22926
22960
22994
23028
23058
23093
23131
23161
23195
23229
23263
23293
23327
23361
23391
23433
23467
23501
23531
23558
23570
23597
23609
23639
23673
23707
23741
23775
23809
23843
23873
23907
23941
23975
24005
24039
24077
24107
24141
24175
24211
24238
24246
24280
24314
24344
24382
24416
24450
24480
24514
24548
24582
24612
24646
24681
24715
24749
24783
24817
24847
24881
24915
24942
24950
24981
24989
25016
25032
25066
25096
25130
25169
25196
25205
25239
25273
25308
25346
25380
25414
25444
25478
25512
25546
25576
25610
25648
25678
25712
25746
25780
25810
25844
25878
25908
25942
25980
26014
26041
26049
26083
26117
26151
26181
26215
26249
26298
26332
26366
26400
26430
26465
26499
26529
26560
26568
26595
26611
26645
26675
26702
26714
26748
26778
26812
26846
26880
26907
26919
26953
26987
27017
27051
27085
27119
27146
27154
27188
27222
27260
27294
27328
27362
27389
27399
27433
27467
27494
27502
27536
27574
27608
27635
27643
27677
27711
27745
27775
27809
27843
27878
27909
27917
27951
27985
28015
28042
28054
28088
28118
28152
28186
28224
28254
28288
28323
28353
28388
28422
28456
28487
28525
28559
28589
28623
28657
28691
28721
28756
28790
28829
28863
28897
28931
28962
28996
29023
29035
29065
29099
29136
29176
29206
29240
29267
29279
29309
29344
29371
29383
29417
29447
29486
29520
29554
29584
29618
29652
29682
29716
29750
29788
29818
29852
29886
29916
29950
29984
30018
30048
30075
30091
30125
30155
30186
30194
30228
30262
30292
30326
30360
30390
30428
30462
30498
30528
30564
30598
30628
30664
30698
30725
30741
30771
30805
30839
30869
30903
30937
30971
30998
31006
31049
31083
31117
31147
31181
31215
31242
31250
31284
31318
31356
31386
31413
31425
31459
31489
31523
31558
31592
31622
31656
31694
31724
31758
31792
31826
31856
31883
31895
31929
31959
31997
32031
32065
32095
32129
32163
32193
32227
32261
32299
32329
32363
32390
32402
32432
32466
32500
32534
32564
32598
32629
32642
32676
32706
32740
310
341
377
407
419
453
491
525
559
589
623
657
692
725
759
800
831
865
901
935
967
994
1006
1042
1069
1077
1112
1120
1158
1192
1222
1249
1264
1308
1339
1375
1412
1449
1490
1524
1559
1589
1621
1629
1656
1668
1704
1731
1739
1774
1816
1862
1893
1920
1932
1966
1997
2031
2065
2099
2126
2138
2172
2206
2236
2270
2304
2339
2369
2403
2437
2475
2509
2543
2577
2607
2641
2675
2705
2739
2780
2815
2845
2880
2915
2945
2979
3013
3047
3075
3087
3114
3126
3160
3187
3195
3229
3256
3268
3302
3332
3366
3400
3458
3492
3526
3564
3594
3628
3663
3690
3703
3736
3774
3810
3840
3874
3908
3942
3972
4006
4045
4079
4117
4151
4185
4215
4249
4283
4313
4347
4389
4423
4450
4458
4492
4519
4533
4563
4597
4631
4665
4692
4700
4738
4772
4802
4836
4870
4904
4934
4968
5002
5041
5072
5106
5140
5170
5204
5238
5272
5302
5340
5374
5404
5438
5472
5499
5512
5542
5576
5610
5637
5645
5683
5722
5758
5788
5822
5856
5883
5891
5927
5962
6000
6030
6064
6098
6128
6162
6196
6230
6260
6304
6338
6368
6402
6430
6442
6539
6569
6603
6638
6665
6680
6718
6752
6779
6791
6821
6855
6889
6923
6953
6988
7026
7056
7090
7117
7129
7163
7193
7230
7264
7294
7332
7359
7371
7405
7435
7469
7503
7530
7538
7572
7606
7644
7677
7711
7750
7782
7817
7851
7885
7915
7942
7958
7985
7997
8027
8061
8095
8129
8159
8194
8232
8262
8304
8339
8373
8403
8437
8471
8505
8535
8571
8613
8647
8696
8740
8778
8811
8854
8883
8895
8926
8971
9010
9047
9086
9121
9148
9161
9192
9226
9261
9288
9300
9334
9361
9375
9415
9465
9503
9539
9573
9604
9638
9676
9707
9744
9778
9812
9842
9869
9881
9923
9960
9999
10035
10071
10101
10141
10194
10235
10269
10298
10310
10344
10382
10416
10443
10455
10489
10519
10554
10588
10618
10652
10690
10724
10754
10788
10822
10852
10886
10920
10954
10988
11022
11056
11086
11123
11157
11185
11197
11224
11232
11266
11293
11309
11339
11373
11407
11441
11471
11505
11539
11569
11603
11641
11679
11709
11743
11781
11811
11845
11879
11913
11947
11981
12015
12049
12079
12115
12149
12176
12184
12218
12260
12294
12324
12358
12392
12422
12456
12490
12524
12551
12559
12597
12631
12661
12697
12732
12766
12793
12801
12828
12840
12874
12908
12942
12969
12981
13015
13045
13082
13117
13147
13181
13233
13260
13272
13303
13337
13371
13402
13436
13470
13504
13538
13574
13608
13638
13673
13700
13712
13747
13778
13813
13847
13880
13894
13924
13958
13995
14022
14030
14064
14098
14125
14137
14167
14209
14243
14273
14307
14343
14377
14407
14441
14475
14509
14543
14577
14611
14641
14675
14709
14739
14773
14807
14845
14876
14910
14944
14974
15008
15042
15076
15106
15144
15178
15208
15242
15277
15304
15317
15347
15381
15415
15453
15483
15517
15554
15588
15627
15661
15695
15725
15759
15802
15833
15867
15902
15937
15964
15972
16006
16040
16072
16114
16148
16182
16209
16217
16251
16285
16315
16349
16383
16421
16448
16456
16491
16528
16559
16593
16627
16661
16691
16729
16763
16793
16827
16861
16888
16900
16930
16964
16998
17028
17066
17100
17134
17164
17198
17232
17266
17296
17323
17335
17374
17404
17438
17474
17510
17540
17574
17609
17640
17678
17712
17746
17776
17810
17844
17874
17914
17941
17953
17987
18025
18059
18094
18124
18158
18185
18197
18231
18261
18295
18333
18363
18394
18402
18436
18470
18501
18535
18569
18599
18637
18664
18676
18710
18740
18774
18808
18843
18870
18878
18912
18950
18982
19016
19050
19084
19113
19121
19157
19191
19221
19255
19293
19320
19332
19362
19396
19430
19460
19494
19528
19562
19597
19631
19666
19696
19730
19764
19798
19828
19862
19904
19934
19968
20002
20036
20066
20100
20134
20164
20198
20236
20270
20300
20334
20368
20402
20432
20466
20500
20534
20568
20602
20636
20668
20702
20736
20766
20800
20838
20865
20877
20907
20941
20975
21005
21039
21074
21108
21142
21176
21210
21241
21275
21302
21314
21348
21378
21405
21417
21451
21485
21519
21553
21587
21617
21652
21686
21713
21721
21755
21797
21831
21861
21895
21929
21959
21993
22027
22061
22088
22100
22134
22168
22202
22229
22237
22271
22305
22335
22369
22403
22441
22471
22505
22539
22569
22603
22637
22664
22676
22706
22758
22792
22823
22854
22862
22896
22930
22960
22994
23028
23062
23096
23130
23157
23169
23199
23233
23267
23297
23328
23336
23374
23408
23435
23443
23477
23511
23541
23575
23609
23643
23673
23715
23749
23779
23813
23849
23883
23913
23947
23981
24019
24049
24083
24117
24147
24181
24215
24249
24279
24317
24351
24378
24386
24421
24455
24482
24494
24521
24529
24563
24597
24624
24636
24670
24704
24738
24768
24802
24837
24871
24901
24935
24973
25003
25037
25071
25105
25135
25169
25203
25233
25271
25306
25340
25370
25404
25438
25468
25502
25536
25578
25608
25642
25676
25703
25711
25745
25779
25806
25818
25848
25882
25920
25950
25981
25989
26024
26058
26085
26093
26127
26161
26191
26229
26263
26297
26327
26361
26395
26425
26460
26494
26521
26537
26567
26598
26606
26640
26674
26704
26738
26772
26802
26836
26874
26908
26938
26972
27008
27038
27072
27106
27140
27174
27208
27242
27272
27306
27333
27345
27379
27409
27443
27485
27515
27549
27584
27618
27648
27682
27716
27746
27784
27818
27852
27882
27916
27950
27981
28015
28042
28054
28088
28122
28156
28190
28224
28254
28288
28323
28353
28387
28425
28459
28490
28524
28558
28588
28622
28656
28690
28724
28759
28793
28820
28828
28862
28896
28930
28960
28994
29028
29062
29096
29123
29135
29170
29200
29234
29261
29273
29303
29338
29380
29414
29444
29478
29505
29517
29547
29581
29615
29649
29683
29717
29751
29781
29815
29842
29854
29888
29918
29952
29990
30024
30054
30088
30122
30151
30159
30200
30234
30261
30273
30303
30341
30375
30405
30439
30473
30507
30537
30571
30605
30639
30673
30707
30742
30772
30806
30840
30870
30904
30931
30947
30981
31011
31045
31079
31115
31149
31183
31217
31255
31289
31316
31328
31360
31392
31426
31460
31487
31495
31529
31563
31601
31628
31636
31670
31697
31709
31739
31773
31807
31841
31871
31909
31943
31973
32007
32041
32075
32105
32139
32173
32221
32252
32260
32294
32328
32359
32393
32420
32432
32462
32496
32530
32568
32598
32632
32666
32696
32730
32764
335
367
408
442
472
506
540
574
604
638
672
700
723
753
790
825
857
893
927
963
993
1028
1067
1098
1135
1169
1203
1230
1238
1275
1317
1345
1353
1394
1431
1468
1504
1540
1574
1605
1639
1673
1713
1743
1778
1816
1847
1893
1920
1932
1966
1997
2024
2040
2074
2104
2135
2143
2177
2211
2241
2275
2309
2339
2382
2416
2450
2480
2515
2549
2583
2613
2648
2690
2720
2754
2791
2826
2857
2891
2926
2956
2994
3028
3062
3093
3128
3162
3192
3226
3260
3295
3329
3363
3397
3424
3432
3474
3502
3514
3552
3582
3616
3656
3683
3691
3729
3763
3799
3829
3863
3897
3927
3965
3999
4037
4065
4074
4114
4148
4182
4214
4248
4286
4316
4350
4384
4418
4448
4482
4516
4546
4580
4622
4649
4661
4691
4725
4760
4790
4824
4858
4892
4926
4960
4994
5022
5030
5064
5099
5133
5163
5197
5235
5265
5299
5333
5367
5397
5431
5465
5495
5529
5567
5601
5631
5665
5701
5734
5767
5775
5809
5843
5877
5911
5948
5982
6012
6046
6073
6085
6115
6149
6187
6221
6251
6287
6322
6352
6386
6421
6456
6556
6590
6625
6655
6695
6729
6763
6793
6827
6861
6895
6929
6963
6997
7027
7061
7095
7125
7156
7164
7205
7239
7266
7274
7308
7344
7374
7408
7435
7447
7474
7486
7520
7554
7588
7622
7652
7689
7727
7758
7793
7827
7865
7892
7900
7934
7968
7999
8033
8067
8094
8106
8136
8175
8212
8243
8277
8311
8346
8376
8410
8444
8482
8513
8521
8555
8594
8628
8670
8713
8749
8761
8796
8839
8879
8907
8915
8955
8996
9028
9070
9106
9141
9172
9211
9245
9276
9310
9344
9380
9417
9472
9508
9537
9567
9598
9632
9659
9671
9702
9740
9774
9808
9838
9876
9918
9955
9989
10018
10030
10066
10096
10136
10184
10230
10268
10304
10331
10343
10373
10400
10412
10446
10473
10481
10515
10550
10592
10619
10627
10661
10688
10701
10733
10778
10812
10846
10876
10914
10948
10978
11012
11049
11083
11114
11145
11153
11181
11193
11220
11230
11266
11300
11334
11364
11399
11433
11467
11497
11531
11569
11596
11604
11638
11675
11709
11740
11777
11812
11842
11880
11914
11948
11978
12005
12017
12051
12081
12116
12150
12188
12218
12252
12286
12313
12321
12355
12389
12423
12453
12487
12529
12556
12564
12598
12632
12666
12698
12733
12767
12799
12835
12862
12874
12901
12913
12943
12974
12982
13018
13053
13085
13120
13158
13188
13222
13256
13290
13321
13348
13360
13395
13425
13459
13497
13531
13562
13597
13631
13658
13666
13702
13737
13772
13807
13841
13869
13882
13914
13945
13955
13992
14028
14058
14092
14119
14135
14165
14199
14233
14267
14297
14331
14358
14370
14403
14442
14476
14510
14540
14574
14609
14643
14673
14707
14741
14775
14809
14843
14877
14907
14942
14978
15005
15013
15047
15085
15119
15149
15176
15188
15222
15252
15284
15294
15328
15362
15396
15430
15464
15494
15528
15568
15607
15638
15672
15710
15740
15771
15779
15813
15848
15878
15913
15947
15977
16011
16049
16083
16113
16144
16152
16186
16221
16251
16285
16319
16346
16362
16396
16423
16435
16462
16474
16504
16542
16569
16581
16608
16616
16651
16689
16723
16753
16787
16814
16826
16856
16890
16924
16959
16989
17027
17061
17091
17125
17161
17195
17225
17259
17293
17320
17332
17367
17401
17435
17462
17470
17504
17538
17565
17573
17607
17635
17651
17685
17715
17749
17783
17817
17848
17882
17917
17947
17982
17990
18024
18058
18088
18122
18149
18162
18192
18226
18260
18302
18332
18366
18400
18430
18464
18498
18532
18562
18600
18634
18664
18698
18732
18759
18779
18854
18888
18922
18956
18992
19026
19060
19090
19119
19133
19167
19197
19231
19265
19317
19347
19381
19415
19445
19480
19507
19519
19553
19584
19622
19656
19690
19720
19754
19788
19818
19852
19886
19924
19954
19988
20022
20052
20086
20120
20154
20184
20226
20260
20287
20295
20329
20363
20399
20429
20463
20497
20527
20565
20599
20633
20663
20697
20731
20761
20795
20822
20834
20861
20877
20907
20941
20968
20980
21007
21015
21049
21085
21119
21149
21187
21221
21255
21285
21319
21353
21384
21418
21452
21486
21520
21554
21588
21618
21649
21657
21691
21725
21755
21789
21832
21862
21896
21930
21965
21995
22022
22034
22068
22095
22103
22146
22180
22214
22244
22271
22283
22317
22347
22381
22415
22449
22483
22517
22551
22581
22615
22650
22684
22714
22748
22786
22813
22821
22855
22889
22923
22953
22987
23021
23055
23089
23123
23163
23193
23227
23254
23266
23300
23327
23335
23362
23374
23412
23442
23476
23511
23545
23577
23611
23638
23650
23679
23687
23721
23759
23793
23823
23857
23891
23921
23955
23989
24023
24061
24095
24129
24159
24190
24198
24232
24267
24297
24331
24369
24399
24433
24467
24494
24506
24536
24571
24605
24639
24669
24707
24741
24771
24805
24839
24873
24903
24937
24971
25005
25039
25073
25107
25137
25171
25205
25235
25269
25308
25342
25372
25406
25440
25470
25504
25538
25572
25606
25640
25674
25704
25738
25772
25806
25834
25842
25869
25881
25915
25953
25984
25992
26026
26053
26065
26095
26129
26163
26193
26227
26265
26299
26329
26363
26397
26431
26462
26489
26501
26535
26569
26603
26637
26676
26703
26711
26747
26781
26811
26845
26879
26917
26947
26974
26986
27013
27025
27055
27089
27123
27157
27187
27225
27259
27289
27323
27357
27384
27396
27427
27461
27495
27529
27563
27597
27624
27636
27666
27701
27735
27765
27799
27841
27875
27905
27939
27973
28003
28037
28071
28105
28135
28173
28207
28241
28271
28305
28333
28345
28375
28409
28443
28482
28509
28517
28551
28585
28615
28646
28654
28688
28722
28753
28805
28839
28869
28903
28937
28971
29001
29036
29070
29100
29138
29172
29206
29236
29270
29304
29335
29369
29403
29441
29471
29505
29539
29569
29603
29637
29671
29701
29743
29777
29811
29841
29875
29911
29941
29975
30009
30047
30077
30111
30145
30175
30209
30243
30277
30307
30341
30372
30384
30414
30448
30475
30487
30521
30548
30556
30591
30625
30655
30693
30720
30732
30766
30796
30830
30865
30895
30929
30963
31001
31031
31065
31099
31129
31163
31197
31231
31261
31295
31333
31367
31397
31431
31465
31495
31529
31563
31590
31602
31629
31645
31679
31713
31743
31777
31811
31845
31875
31909
31947
31977
32011
32045
32079
32106
32114
32148
32183
32210
32218
32252
32290
32324
32354
32389
32423
32453
32484
32492
32526
32560
32594
32628
32662
32689
32697
32731
32765
336
368
402
443
477
507
541
577
607
641
675
712
747
784
818
849
882
890
924
960
987
995
1030
1065
1107
1138
1146
1180
1214
1244
1281
1323
1355
1392
1433
1473
1506
1541
1568
1580
1612
1643
1651
1685
1721
1755
1790
1828
1869
1904
1938
1972
2003
2034
2042
2076
2110
2144
2178
2212
2242
2276
2310
2344
2374
2412
2446
2476
2510
2544
2578
2608
2642
2676
2710
2744
2781
2816
2846
2881
2916
2947
2981
3023
3057
3088
3122
3156
3186
3217
3225
3259
3293
3323
3361
3395
3425
3467
3502
3540
3570
3604
3638
3673
3708
3745
3779
3813
3847
3881
3913
3945
3983
4017
4052
4086
4124
4158
4188
4222
4256
4290
4324
4358
4385
4397
4427
4454
4466
4500
4530
4565
4599
4637
4667
4701
4735
4770
4805
4839
4873
4903
4945
4979
5010
5044
5078
5112
5142
5169
5181
5215
5249
5283
5317
5351
5381
5415
5449
5483
5513
5547
5585
5615
5649
5683
5722
5754
5788
5822
5849
5857
5888
5914
5951
5985
6015
6042
6054
6088
6115
6123
6157
6192
6230
6260
6296
6330
6360
6394
6422
6434
6524
6536
6566
6600
6639
6669
6709
6743
6770
6782
6812
6846
6880
6910
6941
6957
6991
7025
7055
7091
7125
7159
7189
7226
7264
7294
7328
7362
7396
7426
7460
7494
7524
7555
7567
7601
7635
7668
7702
7741
7771
7806
7841
7875
7909
7943
7977
8007
8041
8076
8110
8140
8175
8216
8247
8281
8315
8349
8379
8413
8447
8477
8520
8554
8586
8598
8632
8671
8688
8727
8766
8802
8840
8882
8920
8962
9001
9037
9077
9112
9146
9177
9212
9239
9255
9290
9320
9354
9390
9437
9482
9518
9555
9590
9624
9658
9689
9723
9760
9794
9824
9858
9900
9936
9975
10003
10016
10052
10082
10121
10159
10209
10250
10290
10324
10355
10389
10416
10430
10460
10494
10529
10564
10598
10632
10666
10700
10727
10735
10771
10808
10835
10843
10877
10919
10953
10983
11017
11051
11081
11116
11150
11186
11216
11247
11259
11293
11323
11357
11391
11418
11431
11461
11495
11529
11563
11594
11602
11629
11641
11678
11708
11742
11780
11810
11841
11849
11887
11921
11951
11985
12019
12053
12084
12118
12152
12186
12220
12247
12259
12293
12323
12357
12391
12421
12455
12489
12527
12557
12591
12625
12655
12689
12726
12760
12791
12818
12838
12872
12902
12936
12970
13004
13034
13063
13076
13104
13116
13150
13181
13189
13216
13228
13262
13292
13326
13360
13391
13425
13463
13497
13527
13559
13567
13602
13638
13669
13696
13708
13736
13748
13776
13785
13823
13857
13895
13925
13959
13996
14026
14060
14094
14132
14162
14196
14230
14260
14294
14328
14362
14393
14431
14465
14492
14500
14534
14568
14602
14633
14667
14701
14731
14773
14807
14841
14871
14905
14932
14944
14974
15008
15035
15047
15085
15115
15149
15176
15188
15222
15252
15287
15321
15348
15356
15394
15428
15462
15489
15497
15524
15536
15576
15611
15646
15680
15714
15762
15796
15831
15861
15896
15930
15964
15994
16029
16056
16072
16102
16136
16170
16204
16231
16239
16273
16307
16337
16375
16409
16443
16473
16507
16545
16575
16609
16643
16685
16715
16749
16783
16810
16822
16854
16888
16915
16927
16957
16991
17029
17063
17090
17098
17132
17166
17196
17230
17264
17298
17332
17367
17401
17431
17465
17499
17533
17563
17597
17637
17667
17701
17735
17769
17800
17834
17868
17899
17933
17971
18005
18035
18069
18103
18133
18167
18201
18235
18269
18300
18308
18342
18372
18406
18440
18474
18504
18538
18580
18614
18644
18678
18712
18742
18776
18810
18845
18879
18913
18940
18952
18984
19018
19052
19086
19118
19154
19189
19223
19257
19291
19318
19330
19360
19394
19428
19458
19492
19530
19557
19570
19600
19627
19639
19673
19703
19737
19771
19805
19832
19844
19878
19912
19942
19976
20012
20046
20076
20110
20144
20180
20212
20246
20280
20310
20344
20378
20412
20442
20484
20518
20548
20582
20616
20650
20680
20714
20748
20783
20817
20844
20856
20890
20920
20955
20989
21019
21053
21092
21126
21153
21161
21188
21200
21234
21264
21298
21332
21359
21371
21401
21439
21473
21503
21537
21571
21605
21635
21669
21703
21737
21771
21805
21839
21869
21903
21930
21942
21976
22006
22044
22078
22105
22113
22147
22174
22186
22220
22250
22284
22318
22345
22354
22396
22430
22464
22494
22528
22555
22567
22597
22631
22665
22703
22733
22760
22772
22806
22836
22870
22897
22909
22943
22973
23011
23045
23075
23109
23143
23179
23209
23243
23270
23282
23316
23350
23377
23389
23423
23450
23458
23489
23497
23524
23536
23570
23600
23634
23672
23702
23736
23770
23804
23834
23868
23902
23932
23971
24005
24039
24066
24074
24108
24143
24173
24207
24241
24283
24313
24347
24374
24386
24416
24450
24484
24518
24548
24582
24613
24625
24655
24689
24723
24757
24784
24792
24819
24831
24865
24895
24933
24967
25001
25031
25065
25092
25104
25138
25168
25202
25254
25284
25319
25353
25387
25417
25451
25485
25512
25520
25558
25593
25627
25657
25691
25725
25755
25789
25816
25828
25862
25896
25930
25957
25969
25996
26004
26038
26072
26099
26111
26141
26175
26202
26222
26252
26286
26320
26354
26386
26420
26455
26485
26523
26557
26591
26621
26655
26689
26719
26753
26787
26814
26826
26860
26894
26928
26955
26967
26997
27031
27065
27092
27100
27134
27173
27207
27237
27264
27276
27310
27341
27375
27409
27443
27477
27511
27545
27575
27609
27643
27677
27707
27741
27784
27811
27819
27853
27880
27892
27926
27957
27991
28025
28055
28090
28132
28166
28196
28230
28264
28294
28329
28363
28397
28431
28465
28500
28527
28539
28566
28574
28608
28642
28672
28706
28744
28780
28810
28844
28878
28908
28942
28976
29003
29015
29045
29083
29117
29147
29178
29186
29213
29225
29259
29289
29324
29358
29392
29426
29460
29495
29527
29561
29595
29626
29660
29698
29732
29762
29796
29830
29860
29894
29928
29962
29992
30034
30061
30073
30107
30137
30171
30205
30235
30269
30303
30342
30372
30406
30440
30470
30505
30539
30573
30603
30641
30675
30705
30739
30773
30800
30812
30842
30876
30910
30944
30978
31012
31046
31076
31110
31144
31174
31208
31242
31280
31310
31344
31378
31408
31442
31476
31510
31540
31578
31612
31646
31676
31710
31744
31774
31805
31813
31847
31889
31916
31925
31959
31993
32020
32028
32059
32067
32094
32106
32140
32170
32208
32242
32272
32306
32340
32367
32379
32409
32443
32477
32507
32545
32579
32613
32643
32670
32684
32718
32748
318
355
382
398
431
465
499
529
563
597
631
661
700
730
742
779
809
844
878
910
944
980
1014
1050
1086
1123
1153
1187
1222
1249
1264
1296
1306
1342
1387
1420
1457
1497
1531
1562
1597
1631
1661
1701
1735
1770
1804
1838
1884
1914
1948
1982
2017
2051
2085
2119
2149
2183
2217
2251
2281
2315
2342
2372
2402
2436
2470
2504
2534
2568
2602
2636
2670
2705
2739
2772
2807
2841
2876
2907
2934
2946
2973
2989
3019
3050
3058
3086
3098
3132
3162
3196
3230
3260
3294
3336
3370
3400
3434
3478
3521
3559
3586
3598
3632
3667
3702
3739
3769
3805
3839
3873
3903
3932
3942
3980
4010
4049
4083
4121
4151
4185
4219
4253
4287
4321
4356
4386
4420
4454
4489
4519
4553
4587
4621
4655
4689
4723
4753
4787
4821
4851
4885
4923
4950
4962
4992
5027
5061
5091
5125
5159
5186
5198
5236
5270
5304
5334
5368
5402
5436
5466
5500
5534
5568
5602
5636
5670
5702
5741
5775
5809
5839
5877
5912
5944
5979
6013
6047
6077
6104
6116
6150
6185
6219
6253
6289
6319
6353
6387
6418
6453
6549
6587
6614
6623
6657
6697
6729
6763
6797
6824
6836
6866
6904
6938
6968
7002
7036
7070
7100
7134
7168
7209
7243
7277
7311
7338
7346
7380
7414
7444
7478
7516
7550
7581
7615
7649
7686
7718
7756
7791
7821
7859
7893
7920
7932
7962
7996
8030
8060
8094
8128
8167
8197
8235
8269
8299
8333
8367
8401
8431
8469
8496
8508
8538
8575
8605
8617
8658
8697
8705
8749
8788
8820
8866
8902
8930
8945
8982
9018
9062
9094
9129
9164
9207
9237
9273
9307
9334
9346
9378
9422
9474
9506
9546
9580
9615
9645
9679
9714
9744
9752
9786
9813
9825
9863
9895
9937
9976
10007
10045
10080
10119
10150
10207
10252
10284
10318
10352
10386
10416
10450
10484
10511
10519
10558
10585
10597
10631
10661
10695
10729
10759
10790
10798
10825
10837
10875
10905
10940
10974
11004
11044
11078
11113
11143
11180
11220
11254
11284
11311
11323
11357
11387
11421
11455
11489
11523
11557
11591
11621
11655
11685
11697
11731
11761
11799
11837
11867
11901
11935
11969
11999
12033
12067
12098
12129
12146
12189
12223
12253
12287
12321
12351
12385
12412
12424
12458
12492
12526
12561
12591
12625
12659
12695
12726
12760
12798
12832
12862
12896
12930
12960
12994
13028
13064
13104
13138
13172
13202
13236
13272
13306
13336
13370
13405
13439
13473
13507
13541
13573
13607
13641
13672
13706
13745
13780
13811
13845
13873
13887
13918
13952
13989
14023
14057
14091
14118
14130
14161
14195
14230
14264
14294
14328
14366
14396
14430
14464
14491
14503
14533
14567
14601
14628
14640
14670
14713
14747
14777
14811
14846
14880
14907
14915
14949
14984
15022
15056
15090
15124
15154
15181
15193
15227
15258
15292
15319
15335
15369
15399
15426
15438
15472
15499
15507
15544
15581
15620
15651
15689
15723
15750
15759
15793
15828
15862
15889
15898
15925
15937
15971
16005
16039
16073
16107
16137
16171
16198
16210
16240
16274
16312
16346
16373
16381
16416
16450
16486
16519
16556
16591
16621
16659
16693
16727
16757
16791
16825
16852
16860
16891
16899
16933
16975
17005
17039
17073
17103
17137
17171
17205
17235
17273
17307
17337
17373
17407
17442
17469
17477
17511
17545
17579
17613
17641
17653
17687
17717
17744
17756
17790
17820
17854
17888
17926
17956
17990
18017
18029
18063
18093
18127
18161
18191
18229
18263
18297
18327
18361
18395
18422
18430
18464
18498
18536
18566
18600
18634
18664
18695
18703
18737
18771
18801
18836
18878
18908
18943
18972
18984
19018
19048
19082
19118
19150
19188
19215
19227
19261
19291
19325
19359
19389
19420
19428
19462
19500
19530
19564
19599
19629
19665
19699
19733
19763
19801
19835
19869
19899
19933
19967
19997
20031
20065
20099
20133
20167
20201
20231
20265
20299
20333
20360
20368
20395
20407
20445
20475
20509
20544
20578
20609
20643
20677
20707
20749
20783
20817
20844
20852
20886
20920
20950
20984
21018
21045
21057
21092
21126
21160
21190
21224
21258
21292
21322
21356
21394
21426
21458
21492
21526
21553
21561
21595
21629
21663
21711
21745
21779
21809
21840
21848
21882
21916
21946
21980
22018
22048
22082
22116
22151
22181
22215
22249
22279
22310
22318
22356
22390
22420
22454
22488
22518
22552
22586
22620
22658
22692
22726
22756
22790
22826
22860
22890
22921
22929
22967
23001
23031
23065
23099
23129
23163
23197
23231
23261
23299
23333
23363
23397
23431
23465
23495
23529
23563
23597
23631
23665
23700
23730
23765
23799
23829
23863
23901
23935
23965
23992
24004
24038
24068
24102
24136
24170
24204
24231
24243
24277
24304
24312
24343
24351
24378
24390
24424
24454
24488
24522
24560
24594
24628
24662
24689
24697
24731
24765
24792
24804
24834
24872
24899
24911
24941
24975
25009
25043
25073
25107
25141
25175
25209
25243
25277
25309
25336
25348
25382
25412
25446
25480
25518
25548
25582
25616
25646
25680
25714
25748
25775
25783
25821
25855
25885
25919
25955
25989
26019
26053
26087
26121
26155
26189
26223
26250
26258
26292
26326
26360
26390
26432
26467
26494
26502
26536
26570
26604
26634
26661
26673
26707
26734
26742
26780
26814
26848
26875
26884
26918
26953
26980
26988
27022
27056
27094
27124
27158
27192
27222
27256
27283
27295
27329
27359
27386
27402
27436
27466
27500
27534
27568
27598
27632
27666
27693
27701
27739
27773
27807
27837
27871
27905
27939
27969
28003
28041
28071
28105
28139
28173
28200
28208
28242
28276
28307
28349
28383
28417
28447
28483
28517
28547
28581
28615
28653
28683
28717
28752
28782
28816
28843
28855
28889
28919
28953
28991
29021
29055
29089
29125
29155
29189
29223
29253
29291
29326
29353
29365
29395
29429
29463
29490
29502
29532
29566
29604
29634
29668
29702
29736
29763
29771
29805
29839
29869
29903
29941
29975
30005
30039
30074
30105
30139
30173
30207
30245
30279
30313
30343
30377
30411
30445
30472
30480
30514
30552
30582
30616
30650
30684
30714
30748
30782
30812
30850
30884
30918
30948
30982
31009
31021
31055
31085
31119
31153
31201
31235
31269
31303
31333
31367
31394
31406
31436
31470
31508
31542
31572
31606
31641
31671
31705
31739
31773
31807
31841
31875
31902
31910
31944
31978
32005
32017
32047
32081
32115
32153
32187
32221
32255
32287
32321
32355
32385
32419
32457
32491
32521
32555
32582
32594
32624
32658
32692
32726
32760
331
367
401
434
468
502
532
566
600
638
665
673
701
715
750
784
819
847
859
895
925
965
992
1004
1032
1041
1075
1113
1147
1177
1211
1245
1291
1330
1364
1402
1435
1476
1512
1543
1577
1621
1655
1685
1721
1755
1786
1824
1869
1897
1909
1939
1977
2012
2046
2076
2110
2144
2174
2208
2242
2269
2285
2315
2349
2376
2388
2419
2453
2480
2492
2526
2556
2594
2628
2658
2692
2726
2760
2793
2828
2863
2893
2932
2966
2993
3006
3036
3073
3107
3137
3172
3206
3244
3274
3308
3342
3372
3406
3440
3482
3519
3550
3570
3604
3634
3669
3704
3741
3771
3807
3841
3879
3909
3936
3948
3975
3987
4017
4057
4092
4130
4160
4194
4232
4259
4267
4301
4335
4369
4399
4433
4467
4497
4535
4569
4603
4633
4667
4701
4731
4765
4799
4837
4867
4901
4935
4965
4999
5034
5068
5098
5136
5170
5200
5234
5268
5302
5332
5366
5400
5432
5472
5506
5540
5570
5604
5639
5673
5705
5744
5782
5812
5843
5851
5885
5919
5952
5979
5991
6025
6052
6060
6098
6132
6159
6171
6201
6235
6271
6303
6337
6371
6406
6440
6537
6571
6601
6633
6641
6678
6715
6745
6779
6817
6847
6881
6915
6949
6979
7013
7047
7077
7115
7149
7183
7216
7250
7286
7320
7350
7384
7426
7456
7490
7524
7558
7588
7622
7656
7686
7694
7729
7738
7776
7811
7841
7868
7880
7914
7944
7978
8012
8046
8080
8114
8148
8179
8216
8244
8256
8290
8320
8354
8403
8436
8470
8504
8538
8570
8608
8646
8691
8733
8777
8813
8852
8888
8922
8961
9000
9036
9071
9085
9120
9155
9182
9195
9229
9260
9294
9328
9358
9394
9462
9491
9505
9533
9542
9576
9611
9643
9677
9712
9742
9754
9784
9822
9856
9886
9928
9969
10004
10036
10071
10108
10145
10198
10243
10279
10309
10343
10377
10407
10441
10468
10484
10518
10548
10583
10617
10649
10683
10717
10751
10785
10819
10853
10887
10917
10944
10956
10990
11020
11054
11089
11127
11157
11192
11226
11256
11287
11295
11322
11334
11368
11398
11440
11474
11504
11538
11572
11606
11636
11673
11707
11741
11778
11813
11847
11877
11911
11945
11975
12009
12047
12081
12112
12146
12180
12210
12245
12279
12313
12343
12381
12415
12449
12479
12513
12547
12577
12611
12638
12650
12688
12721
12755
12789
12819
12855
12889
12923
12953
12980
12996
13030
13062
13098
13132
13166
13196
13230
13264
13294
13336
13363
13375
13410
13440
13474
13508
13538
13574
13608
13646
13677
13711
13746
13777
13813
13848
13884
13916
13954
13991
14021
14055
14089
14116
14128
14158
14192
14226
14253
14265
14299
14333
14367
14397
14431
14465
14499
14526
14534
14568
14606
14633
14641
14675
14709
14743
14773
14807
14841
14871
14909
14943
14977
15007
15041
15075
15105
15139
15173
15215
15245
15280
15314
15344
15375
15383
15418
15496
15556
15595
15637
15664
15672
15703
15711
15745
15779
15809
15844
15878
15913
15947
15981
16015
16045
16079
16115
16156
16186
16220
16258
16288
16322
16356
16390
16420
16454
16488
16521
16556
16594
16628
16658
16692
16726
16756
16790
16824
16858
16892
16926
16960
16990
17029
17064
17099
17129
17163
17205
17235
17269
17296
17308
17342
17373
17407
17441
17475
17509
17543
17577
17607
17642
17676
17710
17740
17774
17808
17842
17876
17910
17944
17971
17979
18013
18047
18077
18108
18116
18168
18202
18232
18266
18293
18305
18335
18369
18403
18437
18471
18505
18539
18569
18603
18637
18672
18702
18736
18770
18804
18839
18873
18907
18937
18973
19007
19039
19071
19115
19151
19181
19215
19249
19285
19315
19349
19383
19417
19451
19485
19519
19549
19584
19618
19648
19682
19720
19754
19784
19818
19852
19882
19916
19950
19984
20014
20052
20086
20116
20150
20184
20219
20246
20255
20289
20323
20357
20391
20425
20459
20489
20523
20550
20562
20594
20626
20669
20703
20733
20767
20802
20836
20866
20900
20934
20965
21007
21041
21069
21081
21111
21145
21179
21209
21243
21277
21315
21345
21379
21413
21443
21477
21511
21545
21572
21580
21618
21652
21682
21713
21721
21755
21789
21819
21854
21888
21918
21956
21990
22024
22054
22088
22115
22127
22157
22191
22225
22263
22293
22328
22362
22389
22398
22433
22467
22502
22532
22570
22604
22638
22668
22695
22707
22734
22746
22776
22810
22844
22886
22913
22921
22955
22989
23019
23053
23087
23121
23151
23185
23227
23257
23291
23325
23359
23390
23425
23459
23489
23527
23561
23595
23625
23659
23693
23723
23757
23791
23818
23834
23864
23898
23932
23962
23996
24030
24064
24094
24128
24166
24200
24230
24264
24298
24328
24362
24396
24430
24457
24469
24503
24537
24567
24601
24635
24669
24699
24733
24775
24805
24839
24866
24878
24905
24917
24947
24981
25016
25046
25084
25118
25152
25182
25216
25250
25280
25315
25342
25354
25388
25422
25456
25490
25520
25556
25590
25624
25654
25688
25726
25760
25790
25824
25858
25888
25922
25956
25990
26017
26029
26056
26068
26102
26132
26166
26200
26234
26264
26298
26332
26366
26400
26435
26469
26499
26534
26569
26599
26633
26675
26709
26739
26773
26807
26837
26868
26876
26910
26944
26978
27012
27046
27076
27110
27144
27178
27205
27213
27247
27285
27318
27349
27383
27417
27447
27481
27515
27549
27579
27631
27665
27695
27729
27763
27797
27827
27861
27895
27929
27963
27997
28031
28061
28095
28129
28160
28191
28199
28237
28271
28301
28336
28373
28403
28437
28472
28506
28542
28571
28583
28617
28647
28681
28717
28744
28767
28797
28831
28865
28903
28933
28969
29007
29041
29079
29117
29155
29193
29235
29273
29312
29350
29388
29426
29460
29502
29540
29571
29583
29621
29659
29697
29731
29769
29812
29846
29885
29923
29965
29996
30004
30042
30080
30118
30156
30194
30232
30266
30308
30346
30380
30422
30453
30465
30553
30615
30648
30710
30756
30798
30828
30862
30881
30915
30945
30979
31013
31058
31088
31126
31160
31190
31224
31251
31263
31290
31302
31332
31366
31400
31427
31435
31473
31507
31541
31571
31605
31639
31669
31704
31738
31786
31816
31843
31855
31889
31919
31961
31988
32000
32034
32064
32095
32107
32141
32175
32205
32242
32278
32308
32342
32373
32381
32419
32446
32458
32488
32522
32556
32586
32617
32633
32667
32680
32714
32752
331
361
375
414
444
478
512
546
576
607
619
653
688
721
755
792
821
829
860
868
905
939
979
1013
1049
1079
1117
1151
1185
1215
1258
1303
1336
1372
1409
1446
1483
1517
1552
1582
1621
1655
1682
1694
1726
1761
1795
1829
1875
1909
1947
1977
2012
2046
2073
2085
2115
2149
2183
2213
2247
2289
2323
2353
2387
2421
2451
2485
2520
2554
2588
2622
2656
2686
2717
2725
2759
2796
2824
2836
2871
2910
2937
2945
2979
3006
3025
3059
3092
3126
3160
3191
3231
3262
3274
3308
3338
3372
3406
3440
3475
3483
3511
3523
3561
3595
3629
3664
3698
3729
3737
3771
3807
3834
3842
3873
3881
3919
3953
3984
4019
4058
4093
4136
4170
4205
4243
4277
4311
4338
4350
4380
4414
4448
4478
4512
4550
4584
4617
4651
4685
4729
4761
4795
4829
4863
4899
4933
4967
5004
5039
5073
5107
5138
5172
5225
5259
5289
5325
5359
5386
5394
5425
5433
5467
5494
5510
5544
5574
5644
5730
5766
5796
5827
5839
5871
5948
6032
6061
6083
6155
6189
6223
6255
6291
6325
6363
6402
6550
6666
6699
6759
6834
6907
6937
6971
6998
7014
7097
7129
7256
7339
7369
7452
7486
7520
7599
7743
7778
7857
7891
7925
8038
8065
8073
8107
8141
8169
8185
8219
8253
8280
8292
8322
8353
8362
8396
8430
8461
8488
8504
8538
8570
8608
8638
8768
8804
8838
8878
8970
9018
9055
9094
9131
9167
9198
9232
9267
9301
9340
9376
9407
9427
9473
9506
9514
9550
9577
9590
9621
9655
9690
9721
9732
9766
9793
9805
9839
9869
9911
9952
9985
10018
10058
10092
10128
10170
10226
10260
10292
10326
10361
10395
10429
10463
10497
10527
10562
10596
10626
10660
10687
10703
10737
10764
10772
10807
10841
10868
10882
10912
10939
10956
10990
11028
11058
11090
11098
11125
11137
11172
11199
11207
11241
11276
11351
11359
11401
11435
11469
11499
11533
11574
11616
11663
11712
11758
11805
11879
11913
11947
11977
12053
12135
12210
12288
12347
12613
12833
12953
12980
13177
13302
13377
13495
13623
13657
13795
13829
13864
13953
14138
14509
14668
14698
14732
14766
14804
14838
14865
14877
14907
14941
14975
15005
15039
15077
15111
15141
15175
15209
15236
15244
15279
15313
15347
15392
15426
15460
15495
15529
15569
15608
15639
15673
15700
15717
15751
15778
15786
15820
15855
15889
15920
15954
15988
16018
16056
16090
16124
16154
16190
16224
16254
16288
16322
16360
16390
16425
16452
16464
16494
16531
16559
16571
16605
16635
16673
16700
16712
16739
16747
16781
16815
16849
16883
16917
16947
17038
17065
17077
17111
17138
17146
17180
17215
17245
17279
17314
17357
17387
17421
17455
17485
17519
17553
17587
17617
17645
17661
17695
17722
17730
17764
17798
17832
17862
17896
17930
17964
17998
18032
18066
18096
18127
18135
18169
18203
18233
18277
18323
18350
18362
18396
18423
18435
18465
18499
18533
18563
18601
18635
18671
18701
18735
18769
18803
18838
18877
18911
18945
18981
19011
19045
19072
19084
19120
19160
19187
19199
19233
19263
19297
19333
19367
19397
19431
19469
19499
19533
19567
19602
19636
19666
19700
19734
19761
19777
19804
19812
19846
19880
19914
19944
19978
20012
20046
20080
20114
20141
20153
20187
20217
20252
20286
20320
20350
20389
20423
20456
20494
20528
20562
20592
20626
20653
20665
20703
20733
20767
20803
20833
20867
20901
20935
20966
21000
21042
21070
21078
21109
21117
21151
21189
21219
21257
21287
21325
21352
21364
21394
21428
21462
21496
21526
21560
21594
21632
21662
21696
21730
21764
21794
21828
21862
21892
21930
21964
21998
22028
22062
22097
22131
22161
22195
22233
22263
22297
22331
22365
22397
22431
22465
22495
22529
22567
22602
22632
22666
22700
22730
22764
22798
22825
22837
22875
22911
22938
22950
22984
23014
23041
23053
23087
23117
23151
23189
23223
23253
23293
23328
23358
23392
23426
23460
23495
23578
23651
23697
23731
23842
23963
23997
24155
24193
24223
24316
24328
24362
24408
24479
24561
24598
24951
25034
25065
25099
25273
25308
25466
25496
25531
25568
25599
25607
25649
25701
25741
25796
25840
25876
25907
25934
25965
25995
26031
26065
26113
26148
26182
26246
26277
26332
26402
26603
26722
26768
26826
26930
26964
26991
27004
27038
27070
27104
27138
27172
27380
27521
27556
27586
27661
27695
27729
27762
27846
27935
27965
27999
28033
28120
28191
28225
28259
28289
28368
28552
28641
28678
28724
28773
28804
28889
28923
28998
29025
29041
29075
29109
29143
29224
29258
29292
29323
29357
29497
29524
29630
29701
29735
29769
29803
29927
30012
30046
30080
30122
30168
30206
30236
30367
30397
30432
30437
30465
30528
30600
30644
30678
30712
30746
30776
30818
30845
30861
30909
30977
31020
31095
31129
31159
31287
31362
31447
31522
31556
31641
31712
31746
31780
31814
31841
31941
32001
32036
32120
32246
32276
32312
32346
32429
32514
32644
32671
32683
32757
356
390
464
605
639
718
779
837
6872
6900
6909
7021
7053
7061
7204
7238
7248
7369
7400
7408
7648
13040
23215
23227
24310
24393
24921
25617
25630
